image: Sakhir_map.png
resolution: 0.05695
origin: [-26.16613846019197,-46.60161969973893, 0.000000]
negate: 0
occupied_thresh: 0.45
free_thresh: 0.196
track_width: 2.2
start_pose: [0.0, 0.0, 1.525247]
