image: Nuerburgring_map.png
resolution: 0.07542
origin: [-98.11326416920916,-106.53776182200401, 0.000000]
negate: 0
occupied_thresh: 0.45
free_thresh: 0.196
track_width: 2.2
start_pose: [0.0, 0.0, -2.377451]
